# YOLOv5 Hyperparameter Evolution Results
# Best generation: 56
# Last generation: 62
#    metrics/precision,       metrics/recall,      metrics/mAP_0.5, metrics/mAP_0.5:0.95,         val/box_loss,         val/obj_loss,         val/cls_loss
#              0.51405,              0.51197,              0.51646,              0.28277,             0.030811,             0.050028,            0.0094919

lr0: 0.01297
lrf: 0.10717
momentum: 0.90346
weight_decay: 0.00051
warmup_epochs: 2.77652
warmup_momentum: 0.95
warmup_bias_lr: 0.1278
box: 0.03853
cls: 0.4873
cls_pw: 1.14573
obj: 1.1828
obj_pw: 1.34252
iou_t: 0.2
anchor_t: 4.37535
fl_gamma: 0.0
hsv_h: 0.01374
hsv_s: 0.76685
hsv_v: 0.42169
degrees: 0.0
translate: 0.09742
scale: 0.47736
shear: 0.0
perspective: 0.0
flipud: 0.0
fliplr: 0.5
mosaic: 0.88861
mixup: 0.0
copy_paste: 0.0
anchors: 2.20304
